# omega0=0.689, alpha=0.2
# theta0=0.4, theta_dot0=0
# t_start=0, t_end=100, h=0.00911928
#   t          x(t)                 v(t)       
40.0975 1.165697580512415e+00 -2.770989428230303e-01
4.018867583271454e+01 1.138191255150904e+00 -3.260382905949965e-01
4.027986865284777e+01 1.106257012220211e+00 -3.741832486630260e-01
4.037106147298100e+01 1.069974829594743e+00 -4.213662947288790e-01
4.046225429311423e+01 1.029440586801244e+00 -4.674061576115872e-01
4.055344711324746e+01 9.847673229818248e-01 -5.121078193907190e-01
4.064463993338069e+01 9.360864680395272e-01 -5.552631126815529e-01
4.073583275351392e+01 8.835489897726124e-01 -5.966519751283595e-01
4.082702557364715e+01 8.273263947992641e-01 -6.360444075447372e-01
4.091821839378038e+01 7.676115178482485e-01 -6.732031586877379e-01
4.100941121391361e+01 7.046190332686082e-01 -7.078871282189751e-01
4.110060403404684e+01 6.385856250974008e-01 -7.398554406762992e-01
4.119179685418007e+01 5.697697583116711e-01 -7.688720990359825e-01
4.128298967431330e+01 4.984510043566904e-01 -7.947110796287455e-01
4.137418249444653e+01 4.249288887463155e-01 -8.171616847878800e-01
4.146537531457976e+01 3.495212471293282e-01 -8.360339304211926e-01
4.155656813471299e+01 2.725620979132274e-01 -8.511637177295783e-01
4.164776095484622e+01 1.943990630956464e-01 -8.624175261381964e-01
4.173895377497945e+01 1.153903927637378e-01 -8.696963715814383e-01
4.183014659511268e+01 3.590167094234138e-02 -8.729388021462856e-01
4.192133941524591e+01 -4.369770077617437e-02 -8.721227509426210e-01
4.201253223537914e+01 -1.230381317969365e-01 -8.672661306594638e-01
4.210372505551237e+01 -2.017534661195689e-01 -8.584261300878541e-01
4.219491787564560e+01 -2.794844838270220e-01 -8.456972528877221e-01
4.228611069577883e+01 -3.558821705427260e-01 -8.292082153806460e-01
4.237730351591206e+01 -4.306106586884974e-01 -8.091178859544826e-01
4.246849633604529e+01 -5.033497634179882e-01 -7.856104980039467e-01
4.255968915617852e+01 -5.737970587450630e-01 -7.588903975990510e-01
4.265088197631175e+01 -6.416694637332483e-01 -7.291765951615613e-01
4.274207479644498e+01 -7.067043327722973e-01 -6.966973786431970e-01
4.283326761657821e+01 -7.686600662654501e-01 -6.616852173197234e-01
4.292446043671144e+01 -8.273162771749885e-01 -6.243721449268582e-01
4.301565325684467e+01 -8.824735639615731e-01 -5.849857635944788e-01
4.310684607697790e+01 -9.339529511070540e-01 -5.437459608484976e-01
4.319803889711113e+01 -9.815950646568085e-01 -5.008623850937451e-01
4.328923171724436e+01 -1.025259112423149e+00 -4.565326836584142e-01
4.338042453737759e+01 -1.064821737260132e+00 -4.109414736769438e-01
4.347161735751082e+01 -1.100175807886509e+00 -3.642599906831244e-01
4.356281017764405e+01 -1.131229205865791e+00 -3.166463426865444e-01
4.365400299777728e+01 -1.157903660275301e+00 -2.682462879012850e-01
4.374519581791051e+01 -1.180133673937634e+00 -2.191944509108961e-01
4.383638863804374e+01 -1.197865577347631e+00 -1.696158933844581e-01
4.392758145817697e+01 -1.211056738965173e+00 -1.196279599629408e-01
4.401877427831020e+01 -1.219674953581434e+00 -6.934232617092885e-02
4.410996709844343e+01 -1.223698024102594e+00 -1.886718192224352e-02
4.420115991857666e+01 -1.223113546325805e+00 3.169050963854905e-02
4.429235273870989e+01 -1.217918901021390e+00 8.222273334588287e-02
4.438354555884312e+01 -1.208121452739005e+00 1.326181755989075e-01
4.447473837897635e+01 -1.193738950045494e+00 1.827600616487574e-01
4.456593119910958e+01 -1.174800117187879e+00 2.325241289867420e-01
4.465712401924281e+01 -1.151345422276143e+00 2.817767921462379e-01
4.474831683937605e+01 -1.123428001849337e+00 3.303735585065157e-01
4.483950965950928e+01 -1.091114716031981e+00 3.781577596005573e-01
4.493070247964251e+01 -1.054487302389754e+00 4.249596670160262e-01
4.502189529977574e+01 -1.013643590136373e+00 4.705960650527293e-01
4.511308811990897e+01 -9.686987297263265e-01 5.148703525010985e-01
4.520428094004220e+01 -9.197863864185425e-01 5.575732417856072e-01
4.529547376017543e+01 -8.670598405732647e-01 5.984841138685685e-01
4.538666658030866e+01 -8.106929328272565e-01 6.373730705501335e-01
4.547785940044189e+01 -7.508807895490915e-01 6.740037013902523e-01
4.556905222057512e+01 -6.878402638130295e-01 7.081365503640430e-01
4.566024504070835e+01 -6.218100302179130e-01 7.395332284015224e-01
4.575143786084158e+01 -5.530502787613863e-01 7.679610740887247e-01
4.584263068097481e+01 -4.818419639767776e-01 7.931982190709652e-01
4.593382350110804e+01 -4.084855806422530e-01 8.150388711438028e-01
4.602501632124127e+01 -3.332994561690751e-01 8.332985913513544e-01
4.611620914137450e+01 -2.566175714173414e-01 8.478193164828903e-01
4.620740196150773e+01 -1.787869448995470e-01 8.584738694814341e-01
4.629859478164096e+01 -1.001646384993441e-01 8.651697105094199e-01
4.638978760177419e+01 -2.111446414314317e-02 8.678517119145311e-01
4.648098042190742e+01 5.799651149807173e-02 8.665037899458738e-01
4.657217324204065e+01 1.368015548284267e-01 8.611492912363568e-01
4.666336606217388e+01 2.149378302939948e-01 8.518501071688601e-01
4.675455888230711e+01 2.920498282350606e-01 8.387045672759503e-01
4.684575170244034e+01 3.677925494407301e-01 8.218442363448568e-01
4.693694452257357e+01 4.418343545357891e-01 8.014298020675529e-01
4.702813734270680e+01 5.138594055844132e-01 7.776462855657756e-01
4.711933016284003e+01 5.835696498087009e-01 7.506978327720449e-01
4.721052298297326e+01 6.506863192309872e-01 7.208023497277375e-01
4.730171580310649e+01 7.149509435368130e-01 6.881862309321368e-01
4.739290862323972e+01 7.761258949303120e-01 6.530794003407444e-01
4.748410144337295e+01 8.339945019942715e-01 6.157108440298786e-01
4.757529426350618e+01 8.883607837930382e-01 5.763047669105438e-01
4.766648708363941e+01 9.390488653366185e-01 5.350774579429107e-01
4.775767990377264e+01 9.859021411303837e-01 4.922349030832197e-01
4.784887272390587e+01 1.028782255257659e+00 4.479711456476540e-01
4.794006554403910e+01 1.067567964890602e+00 4.024673617117620e-01
4.803125836417233e+01 1.102153950021067e+00 3.558915943025022e-01
4.812245118430556e+01 1.132449626293453e+00 3.083990742996326e-01
4.821364400443879e+01 1.158378010802617e+00 2.601330472913610e-01
4.830483682457202e+01 1.179874683189638e+00 2.112260228512325e-01
4.839602964470525e+01 1.196886876797641e+00 1.618013643448971e-01
4.848722246483848e+01 1.209372727373456e+00 1.119751419416663e-01
4.857841528497171e+01 1.217300700020858e+00 6.185817760918699e-02
4.866960810510494e+01 1.220649208911414e+00 1.155821731177037e-02
4.876080092523817e+01 1.219406438624523e+00 -3.881782855199486e-02
4.885199374537140e+01 1.213570370827316e+00 -8.916163096536432e-02
4.894318656550463e+01 1.203149015172001e+00 -1.393612261947177e-01
4.903437938563786e+01 1.188160838606062e+00 -1.892988889757888e-01
4.912557220577109e+01 1.168635382573478e+00 -2.388491475618692e-01
4.921676502590432e+01 1.144614052659715e+00 -2.878769963357059e-01
4.930795784603755e+01 1.116151059961420e+00 -3.362363660551627e-01
4.939915066617078e+01 1.083314487762311e+00 -3.837689166670592e-01
4.949034348630401e+01 1.046187450967764e+00 -4.303032219985250e-01
4.958153630643724e+01 1.004869309289733e+00 -4.756544183209513e-01
4.967272912657047e+01 9.594768885963193e-01 -5.196243884155608e-01
4.976392194670370e+01 9.101456584899800e-01 -5.620025479167575e-01
4.985511476683693e+01 8.570308085279535e-01 -6.025672899993003e-01
4.994630758697016e+01 8.003081611358829e-01 -6.410881267865757e-01
5.003750040710339e+01 7.401748568613339e-01 -6.773285405405203e-01
5.012869322723662e+01 6.768497478670776e-01 -7.110495248107390e-01
5.021988604736985e+01 6.105734391271558e-01 -7.420137562618266e-01
5.031107886750308e+01 5.416079241757726e-01 -7.699902939311446e-01
5.040227168763631e+01 4.702357737447052e-01 -7.947596573610494e-01
5.049346450776954e+01 3.967588511500688e-01 -8.161190925149788e-01
5.058465732790278e+01 3.214965473888293e-01 -8.338877993382540e-01
5.067585014803601e+01 2.447835506773451e-01 -8.479118720287905e-01
5.076704296816924e+01 1.669671882946998e-01 -8.580686966831534e-01
5.085823578830247e+01 8.840440144674094e-02 -8.642705637865918e-01
5.094942860843570e+01 9.458434635593675e-03 -8.664672858808403e-01
5.104062142856893e+01 -6.950466207714688e-02 -8.646476622084839e-01
5.113181424870216e+01 -1.481196080268105e-01 -8.588396983887141e-01
5.122300706883539e+01 -2.260254292389172e-01 -8.491095644381306e-01
5.131419988896862e+01 -3.028688451890374e-01 -8.355593516663374e-01
5.140539270910185e+01 -3.783074010217596e-01 -8.183237608041365e-01
5.149658552923508e+01 -4.520122561317143e-01 -7.975659135333968e-01
5.158777834936831e+01 -5.236705596276647e-01 -7.734725223545358e-01
5.167897116950154e+01 -5.929873658248296e-01 -7.462486766165060e-01
5.177016398963477e+01 -6.596870666904613e-01 -7.161125051173984e-01
5.186135680976800e+01 -7.235143413182972e-01 -6.832899597635864e-01
5.195254962990123e+01 -7.842346434921639e-01 -6.480099338950663e-01
5.204374245003446e+01 -8.416342660582677e-01 -6.104998876510654e-01
5.213493527016769e+01 -8.955200344409808e-01 -5.709821061094630e-01
5.222612809030092e+01 -9.457186909312011e-01 -5.296706685276517e-01
5.231732091043415e+01 -9.920760364630247e-01 -4.867691626987348e-01
5.240851373056738e+01 -1.034455897891673e+00 -4.424691400132971e-01
5.249970655070061e+01 -1.072738986914702e+00 -3.969492759427754e-01
5.259089937083384e+01 -1.106821712462807e+00 -3.503751779371313e-01
5.268209219096707e+01 -1.136615002362752e+00 -3.028997678870657e-01
5.277328501110030e+01 -1.162043183024461e+00 -2.546641584356168e-01
5.286447783123353e+01 -1.183042958406425e+00 -2.057989402408667e-01
5.295567065136676e+01 -1.199562522020040e+00 -1.564257993205663e-01
5.304686347149999e+01 -1.211560828560742e+00 -1.066593883764541e-01
5.313805629163322e+01 -1.219007045088393e+00 -5.660938214372798e-02
5.322924911176645e+01 -1.221880195592402e+00 -6.382653175325053e-03
5.332044193189968e+01 -1.220169007244088e+00 4.391448988039825e-02
5.341163475203291e+01 -1.213871961561281e+00 9.417405520117936e-02
5.350282757216614e+01 -1.202997548938780e+00 1.442841631930243e-01
5.359402039229937e+01 -1.187564720354653e+00 1.941269352761474e-01
5.368521321243260e+01 -1.167603525361290e+00 2.435765285686017e-01
5.377640603256583e+01 -1.143155920541252e+00 2.924973722995560e-01
5.386759885269906e+01 -1.114276727317666e+00 3.407426662862139e-01
5.395879167283229e+01 -1.081034712282188e+00 3.881532067283851e-01
5.404998449296552e+01 -1.043513757046439e+00 4.345566089104665e-01
5.414117731309875e+01 -1.001814078142267e+00 4.797669989383876e-01
5.423237013323198e+01 -9.560534509179446e-01 5.235852460077074e-01
5.432356295336521e+01 -9.063683850558298e-01 5.657998014633639e-01
5.441475577349844e+01 -8.529151937551530e-01 6.061881997131234e-01
5.450594859363167e+01 -7.958708943779231e-01 6.445192578017046e-01
5.459714141376490e+01 -7.354338761221519e-01 6.805559845370647e-01
5.468833423389813e+01 -6.718242707639613e-01 7.140591766096821e-01
5.477952705403136e+01 -6.052839663448983e-01 7.447916392290395e-01
5.487071987416459e+01 -5.360762113729375e-01 7.725229245723030e-01
5.496191269429782e+01 -4.644847689082556e-01 7.970344360473740e-01
5.505310551443105e+01 -3.908125957303705e-01 8.181247041950597e-01
5.514429833456428e+01 -3.153800411336802e-01 8.356146057353150e-01
5.523549115469751e+01 -2.385225818382981e-01 8.493522755497331e-01
5.532668397483074e+01 -1.605881326891474e-01 8.592174563576661e-01
5.541787679496397e+01 -8.193399559225276e-02 8.651250451686648e-01
5.550906961509720e+01 -2.923529689037732e-03 8.670276299732937e-01
5.560026243523043e+01 7.607735767488975e-02 8.649168629230143e-01
5.569145525536366e+01 1.547037885846114e-01 8.588235834677101e-01
5.578264807549689e+01 2.325954457158073e-01 8.488166806481739e-01
5.587384089563012e+01 3.093999444903822e-01 8.350007608696453e-01
5.596503371576335e+01 3.847759430649220e-01 8.175127586776564e-01
5.605622653589658e+01 4.583959023236122e-01 7.965176867767572e-01
5.614741935602981e+01 5.299484279742338e-01 7.722037628936171e-01
5.623861217616304e+01 5.991401496430937e-01 7.447771724326233e-01
5.632980499629628e+01 6.656971156777366e-01 7.144567269566435e-01
5.642099781642951e+01 7.293657054213555e-01 6.814686613054117e-01
5.651219063656274e+01 7.899130815068636e-01 6.460417802925330e-01
5.660338345669597e+01 8.471272221032552e-01 6.084031240622836e-01
5.669457627682920e+01 9.008165863474006e-01 5.687742742887583e-01
5.678576909696243e+01 9.508094751657943e-01 5.273683760637045e-01
5.687696191709566e+01 9.969531544732596e-01 4.843879063336600e-01
5.696815473722889e+01 1.039112808767193e+00 4.400231818262941e-01
5.705934755736212e+01 1.077170391050040e+00 3.944515691261883e-01
5.715054037749535e+01 1.111023430537538e+00 3.478373374498658e-01
5.724173319762858e+01 1.140583853481572e+00 3.003320804016092e-01
5.733292601776181e+01 1.165776865330094e+00 2.520756256228674e-01
5.742411883789504e+01 1.186539934933670e+00 2.031973494626194e-01
5.751531165802827e+01 1.202821914031168e+00 1.538178161169159e-01
5.760650447816150e+01 1.214582318112627e+00 1.040506656425821e-01
5.769769729829473e+01 1.221790788143383e+00 5.400468149656486e-02
5.778889011842796e+01 1.224426746603373e+00 3.785974639304155e-03
5.788008293856119e+01 1.222479255818534e+00 -4.649977314783459e-02
5.797127575869442e+01 1.215947081534290e+00 -9.674505991363794e-02
5.806246857882765e+01 1.204838959951305e+00 -1.468383590390831e-01
5.815366139896088e+01 1.189174061830701e+00 -1.966620102219678e-01
5.824485421909411e+01 1.168982642593616e+00 -2.460902583190031e-01
5.833604703922734e+01 1.144306862417897e+00 -2.949874958648631e-01
5.842723985936057e+01 1.115201755040378e+00 -3.432067697003088e-01
5.851843267949380e+01 1.081736318233442e+00 -3.905886171460158e-01
5.860962549962703e+01 1.043994692748246e+00 -4.369603015428485e-01
5.870081831976026e+01 1.002077390014904e+00 -4.821355195195960e-01
5.879201113989349e+01 9.561025222923074e-01 -5.259146516656912e-01
5.888320396002672e+01 9.062069826268296e-01 -5.680856229376579e-01
5.897439678015995e+01 8.525475163986309e-01 -6.084254277532420e-01
5.906558960029318e+01 7.953016220087997e-01 -6.467023562363690e-01
5.915678242042641e+01 7.346682160707537e-01 -6.826789318773023e-01
5.924797524055964e+01 6.708679990178869e-01 -7.161155371122129e-01
5.933916806069287e+01 6.041434609737115e-01 -7.467746631048431e-01
5.943036088082610e+01 5.347584755485104e-01 -7.744256755224173e-01
5.952155370095933e+01 4.629974411749628e-01 -7.988499426305781e-01
5.961274652109256e+01 3.891639455768888e-01 -8.198461298088117e-01
5.970393934122579e+01 3.135789484688965e-01 -8.372354303838314e-01
5.979513216135902e+01 2.365784996591174e-01 -8.508664812598040e-01
5.988632498149225e+01 1.585110330130005e-01 -8.606197072559764e-01
5.997751780162548e+01 7.973429956255527e-02 -8.664108529942076e-01
6.006871062175871e+01 6.120235881177105e-04 -8.681934962482032e-01
6.015990344189194e+01 -7.848961801770693e-02 -8.659603901528254e-01
6.025109626202517e+01 -1.572055818828460e-01 -8.597435495128363e-01
6.034228908215840e+01 -2.351754942718348e-01 -8.496130726502938e-01
6.043348190229163e+01 -3.120470244390924e-01 -8.356747676194739e-01
6.052467472242486e+01 -3.874789920708162e-01 -8.180667228345597e-01
6.061586754255809e+01 -4.611441212235127e-01 -7.969550206602222e-01
6.070706036269132e+01 -5.327313732872141e-01 -7.725288334618041e-01
6.079825318282455e+01 -6.019478144470205e-01 -7.449951624042542e-01
6.088944600295778e+01 -6.685199970237955e-01 -7.145734797524519e-01
6.098063882309101e+01 -7.321948571672484e-01 -6.814905175911058e-01
6.107183164322424e+01 -7.927401521427810e-01 -6.459754134667421e-01
6.116302446335747e+01 -8.499444777775906e-01 -6.082553811656357e-01
6.125421728349070e+01 -9.036169198386644e-01 -5.685520276534511e-01
6.134541010362393e+01 -9.535864019734298e-01 -5.270783897194968e-01
6.143660292375716e+01 -9.997007975057643e-01 -4.840367198655195e-01
6.152779574389039e+01 -1.041825873294511e+00 -4.396170131456540e-01
6.161898856402362e+01 -1.079844131670209e+00 -3.939962365461925e-01
6.171018138415685e+01 -1.113653611902033e+00 -3.473382005886522e-01
6.180137420429008e+01 -1.143166706449265e+00 -2.997939987925974e-01
6.189256702442331e+01 -1.168309040096364e+00 -2.515029334812115e-01
6.198375984455654e+01 -1.189018452527646e+00 -2.025938448208467e-01
6.207495266468977e+01 -1.205244117406647e+00 -1.531867624691966e-01
6.216614548482301e+01 -1.216945823890186e+00 -1.033948042906349e-01
6.225733830495624e+01 -1.224093439902440e+00 -5.332625293512267e-02
6.234853112508947e+01 -1.226666570480304e+00 -3.086747521804861e-03
6.243972394522270e+01 -1.224654419044315e+00 4.721846669185040e-02
6.253091676535593e+01 -1.218055854443779e+00 9.748228360446537e-02
6.262210958548916e+01 -1.206879681915567e+00 1.475935271961138e-01
6.271330240562239e+01 -1.191145111501177e+00 1.974348385367185e-01
6.280449522575562e+01 -1.170882412798517e+00 2.468807111218879e-01
6.289568804588885e+01 -1.146133740012094e+00 2.957957302846330e-01
6.298688086602208e+01 -1.116954105974395e+00 3.440330771106447e-01
6.307807368615531e+01 -1.083412478068722e+00 3.914333623597487e-01
6.316926650628854e+01 -1.045592962798174e+00 4.378238603504865e-01
6.326045932642177e+01 -1.003596039227945e+00 4.830182153701299e-01
6.335165214655500e+01 -9.575397949095641e-01 5.268166925429030e-01
6.344284496668823e+01 -9.075611115371836e-01 5.690070397762771e-01
6.353403778682146e+01 -8.538167419782619e-01 6.093660160405855e-01
6.362523060695469e+01 -7.964842160687998e-01 6.476616227235271e-01
6.371642342708792e+01 -7.357625103505890e-01 6.836560485403907e-01
6.380761624722115e+01 -6.718724174611924e-01 7.171093046164125e-01
6.389880906735438e+01 -6.050565548177349e-01 7.477834859907923e-01
6.399000188748761e+01 -5.355789600643431e-01 7.754475511218025e-01
6.408119470762090e+01 -4.637242327299653e-01 7.998824653047621e-01
6.417238752775420e+01 -3.897961975719010e-01 8.208865114899263e-01
6.426358034788750e+01 -3.141160846484481e-01 8.382805376052184e-01
6.435477316802080e+01 -2.370202433170857e-01 8.519128879413314e-01
6.444596598815410e+01 -1.588574307275965e-01 8.616637615327091e-01
6.453715880828740e+01 -7.998573829420444e-02 8.674487554343232e-01
6.462835162842070e+01 -7.692402541984410e-04 8.692213859943703e-01
6.471954444855400e+01 7.842553503231284e-02 8.669744349300481e-01
6.481073726868730e+01 1.572331994343253e-01 8.607400351441665e-01
6.490193008882061e+01 2.352930491412296e-01 8.505884877475979e-01
6.499312290895391e+01 3.122524453659827e-01 8.366258794696000e-01
6.508431572908721e+01 3.877699281759888e-01 8.189906411437936e-01
6.517550854922051e+01 4.615179755933431e-01 7.978492466817152e-01
6.526670136935381e+01 5.331853403112852e-01 7.733912930203617e-01
6.535789418948711e+01 6.024789194116215e-01 7.458242223514521e-01
6.544908700962041e+01 6.691251364656779e-01 7.153679483394564e-01
6.554027982975371e+01 7.328708385748910e-01 6.822496300609521e-01
6.563147264988702e+01 7.934837317411142e-01 6.466988047908958e-01
6.572266547002032e+01 8.507523953279208e-01 6.089430482572790e-01
6.581385829015362e+01 9.044859296086276e-01 5.692042835835324e-01
6.590505111028692e+01 9.545132992635785e-01 5.276958124633437e-01
6.599624393042022e+01 1.000682440343918e+00 4.846200979540434e-01
6.608743675055352e+01 1.042859199114053e+00 4.401672903294023e-01
6.617862957068682e+01 1.080926168965942e+00 3.945144572472112e-01
6.626982239082012e+01 1.114781487002677e+00 3.478254575549943e-01
6.636101521095343e+01 1.144337645658480e+00 3.002513840171711e-01
6.645220803108673e+01 1.169520367536030e+00 2.519314931259866e-01
6.654340085122003e+01 1.190267584071930e+00 2.029945386162728e-01
6.663459367135333e+01 1.206528551128084e+00 1.535604278463737e-01
6.672578649148663e+01 1.218263127455164e+00 1.037421253532981e-01
6.681697931161993e+01 1.225441235358657e+00 5.364773428785158e-02
6.690817213175323e+01 1.228042516878243e+00 3.382692934486605e-03
6.699936495188653e+01 1.226056193333058e+00 -4.694797079346464e-02
6.709055777201984e+01 1.219481131082469e+00 -9.723737978599045e-02
6.718175059215314e+01 1.208326111648204e+00 -1.473745936916075e-01
6.727294341228644e+01 1.192610299756151e+00 -1.972424907621612e-01
6.736413623241974e+01 1.172363898195890e+00 -2.467157977451572e-01
6.745532905255304e+01 1.147628973490698e+00 -2.956593234981921e-01
6.754652187268634e+01 1.118460431085460e+00 -3.439264567061737e-01
6.763771469281964e+01 1.084927113019932e+00 -3.913579931985304e-01
6.772890751295294e+01 1.047112984867255e+00 -4.377813628739797e-01
6.782010033308624e+01 1.005118372192418e+00 -4.830103289149564e-01
6.791129315321955e+01 9.590612001523470e-01 -5.268452314236886e-01
6.800248597335285e+01 9.090781834787719e-01 -5.690738423837549e-01
6.809367879348615e+01 8.553259084475074e-01 -6.094728875692473e-01
6.818487161361945e+01 7.979817441487924e-01 -6.478102725815217e-01
6.827606443375275e+01 7.372445181181764e-01 -6.838480239816739e-01
6.836725725388605e+01 6.733348918753205e-01 -7.173459226365440e-01
6.845845007401935e+01 6.064953758037880e-01 -7.480657659971175e-01
6.854964289415265e+01 5.369899305943732e-01 -7.757761512715398e-01
6.864083571428596e+01 4.651031144226446e-01 -8.002576256429531e-01
6.873202853441926e+01 3.911387510468944e-01 -8.213080070596882e-01
6.882322135455256e+01 3.154181135877145e-01 -8.387476445042923e-01
6.891441417468586e+01 2.382776409332786e-01 -8.524243648419452e-01
6.900560699481916e+01 1.600662271406426e-01 -8.622178484747296e-01
6.909679981495246e+01 8.114214719252950e-02 -8.680431907845764e-01
6.918799263508576e+01 1.869703183113951e-03 -8.698534414078695e-01
6.927918545521906e+01 -7.738430834720209e-02 -8.676409670449962e-01
6.937037827535237e+01 -1.562541961566684e-01 -8.614375516971521e-01
6.946157109548567e+01 -2.343789249615233e-01 -8.513132249111357e-01
6.955276391561897e+01 -3.114055035594826e-01 -8.373738865768374e-01
6.964395673575227e+01 -3.869921065658166e-01 -8.197578686315056e-01
6.973514955588557e+01 -4.608108415206030e-01 -7.986316330729941e-01
6.982634237601887e+01 -5.325500933443119e-01 -7.741848470654696e-01
6.991753519615217e+01 -6.019164011960686e-01 -7.466250969991413e-01
7.000872801628547e+01 -6.686358468462287e-01 -7.161725039483159e-01
7.009992083641878e+01 -7.324549569208418e-01 -6.830544850962795e-01
7.019111365655208e+01 -7.931411422870526e-01 -6.475008731032066e-01
7.028230647668538e+01 -8.504827152950980e-01 -6.097395628308034e-01
7.037349929681868e+01 -9.042885388944102e-01 -5.699928073217239e-01
7.046469211695198e+01 -9.543873705634832e-01 -5.284742371093868e-01
7.055588493708528e+01 -1.000626968688960e+00 -4.853866326142756e-01
7.064707775721858e+01 -1.042873029950871e+00 -4.409204412809292e-01
7.073827057735188e+01 -1.081008024064832e+00 -3.952530007857156e-01
7.082946339748518e+01 -1.114929987637865e+00 -3.485484076011262e-01
7.092065621761849e+01 -1.144551332656677e+00 -3.009579560800038e-01
7.101184903775179e+01 -1.169797717927532e+00 -2.526210660498291e-01
7.110304185788509e+01 -1.190607024199699e+00 -2.036666153397955e-01
7.119423467801839e+01 -1.206928466173149e+00 -1.542145962032891e-01
7.128542749815169e+01 -1.218721867421957e+00 -1.043780197592768e-01
7.137662031828499e+01 -1.225957117633523e+00 -5.426499900132599e-02
7.146781313841829e+01 -1.228613825531230e+00 -3.980947457052440e-03
7.155900595855159e+01 -1.226681175380581e+00 4.636916369482868e-02
7.165019877868490e+01 -1.220157989970054e+00 9.667854299790940e-02
7.174139159881820e+01 -1.209052998251688e+00 1.468363611877476e-01
7.183258441895150e+01 -1.193385301239264e+00 1.967256291053875e-01
7.192377723908480e+01 -1.173185025104519e+00 2.462212231726871e-01
7.201497005921810e+01 -1.148494145510689e+00 2.951881140533603e-01
7.210616287935140e+01 -1.119367461942032e+00 3.434798588314918e-01
7.219735569948470e+01 -1.085873695051828e+00 3.909374221717208e-01
7.228854851961800e+01 -1.048096673865516e+00 4.373883964671497e-01
7.237974133975131e+01 -1.006136573148517e+00 4.826466937032008e-01
7.247093415988461e+01 -9.601111546082742e-01 5.265127812786393e-01
7.256212698001791e+01 -9.101569592062024e-01 5.687745288730006e-01
7.265331980015121e+01 -8.564303921969729e-01 6.092087222525649e-01
7.274451262028451e+01 -7.991086381950117e-01 6.475832815507832e-01
7.283570544041781e+01 -7.383903412768350e-01 6.836601954247359e-01
7.292689826055111e+01 -6.744959855733788e-01 7.171991486963617e-01
7.301809108068441e+01 -6.076679156459838e-01 7.479617807130968e-01
7.310928390081772e+01 -5.381699436826607e-01 7.757164668862567e-01
7.320047672095102e+01 -4.662865024570426e-01 8.002434699804583e-01
7.329166954108432e+01 -3.923213189748658e-01 8.213402649746313e-01
7.338286236121762e+01 -3.165956032891201e-01 8.388268065107541e-01
7.347405518135092e+01 -2.394457691478595e-01 8.525504859159677e-01
7.356524800148422e+01 -1.612207265864913e-01 8.623905196644088e-01
7.365644082161752e+01 -8.227880960942704e-02 8.682615256623004e-01
7.374763364175082e+01 -2.984422884328061e-03 8.701160785965776e-01
7.383882646188412e+01 7.629549190118289e-02 8.679460891077007e-01
7.393001928201743e+01 1.551950582299289e-01 8.617829196809582e-01
7.402121210215073e+01 2.333530192185023e-01 8.516962268784152e-01
7.411240492228403e+01 3.104161307121159e-01 8.377915976290476e-01
7.420359774241733e+01 3.860422889018790e-01 8.202071193117437e-01
7.429479056255063e+01 4.599033039205757e-01 7.991090826722052e-01
7.438598338268393e+01 5.316872510712628e-01 7.746870582730934e-01
7.447717620281723e+01 6.011003544247663e-01 7.471486085186447e-01
7.456836902295053e+01 6.678683816063973e-01 7.167138981007486e-01
7.465956184308384e+01 7.317375518828038e-01 6.836104480006612e-01
7.475075466321714e+01 7.924749806277478e-01 6.480682456819552e-01
7.484194748335044e+01 8.498687007539780e-01 6.103153815729099e-01
7.493314030348374e+01 9.037273150614652e-01 5.705743343861196e-01
7.502433312361704e+01 9.538793424302836e-01 5.290589799202349e-01
7.511552594375034e+01 1.000172325529294e+00 4.859723535595737e-01
7.520671876388364e+01 1.042471768669631e+00 4.415051584629557e-01
7.529791158401694e+01 1.080659972251022e+00 3.958349809875704e-01
7.538910440415025e+01 1.114634825669393e+00 3.491261527396053e-01
7.548029722428355e+01 1.144308614321691e+00 3.015301844298264e-01
7.557149004441685e+01 1.169606889142231e+00 2.531866894696225e-01
7.566268286455015e+01 1.190467439510354e+00 2.042247136285255e-01
7.575387568468345e+01 1.206839402827310e+00 1.547643895875848e-01
7.584506850481675e+01 1.218682536878798e+00 1.049188403750177e-01
7.593626132495005e+01 1.225966674455921e+00 5.479626210101587e-02
7.602745414508335e+01 1.228671373663430e+00 4.502122958280213e-03
7.611864696521666e+01 1.226785771866947e+00 -4.585857879826053e-02
7.620983978534996e+01 1.220308646214699e+00 -9.617905090809453e-02
7.630103260548326e+01 1.209248678958119e+00 -1.463484878442124e-01
7.639222542561656e+01 1.193624921206103e+00 -1.962499465967754e-01
7.648341824574986e+01 1.173467444089934e+00 -2.457583696117038e-01
7.657461106588316e+01 1.148818161416301e+00 -2.947388104839695e-01
7.666580388601646e+01 1.119731802607822e+00 -3.430449227042010e-01
7.675699670614976e+01 1.086277008997467e+00 -3.905177768898945e-01
7.684818952628306e+01 1.048537520359964e+00 -4.369850764854530e-01
7.693938234641637e+01 1.006613412037236e+00 -4.822608446604679e-01
7.703057516654967e+01 9.606223363732677e-01 -5.261456546841015e-01
7.712176798668297e+01 9.107007157745168e-01 -5.684274709487097e-01
7.721296080681627e+01 8.570048290435700e-01 -6.088831566757746e-01
7.730415362694957e+01 7.997117283004694e-01 -6.472806860439432e-01
7.739534644708287e+01 7.390199214933993e-01 -6.833820724078096e-01
7.748653926721617e+01 6.751497559189622e-01 -7.169469905389652e-01
7.757773208734947e+01 6.083434419803938e-01 -7.477370304861929e-01
7.766892490748278e+01 5.388646641211244e-01 -7.755204758892350e-01
7.776011772761608e+01 4.669977377432167e-01 -8.000774536755962e-01
7.785131054774938e+01 3.930462868725467e-01 -8.212052592578609e-01
7.794250336788268e+01 3.173314368660711e-01 -8.387236264448263e-01
7.803369618801598e+01 2.401895386273406e-01 -8.524796891134504e-01
7.812488900814928e+01 1.619694642458750e-01 -8.623523764078940e-01
7.821608182828258e+01 8.302953702599659e-02 -8.682559975781138e-01
7.830727464841588e+01 3.734179681293996e-03 -8.701428072660978e-01
7.839846746854919e+01 -7.554961875679737e-02 -8.680043954373855e-01
7.848966028868249e+01 -1.544559055717238e-01 -8.618718142063052e-01
7.858085310881579e+01 -2.326233202470641e-01 -8.518144305082856e-01
7.867204592894909e+01 -3.096984898887264e-01 -8.379375717088473e-01
7.876323874908239e+01 -3.853391599476734e-01 -8.203791033557098e-01
7.885443156921569e+01 -4.592169715301169e-01 -7.993051377322611e-01
7.894562438934899e+01 -5.310198167531986e-01 -7.749051137015508e-01
7.903681720948229e+01 -6.004537266749481e-01 -7.473865098504986e-01
7.912801002961560e+01 -6.672442704163584e-01 -7.169694539144436e-01
7.921920284974890e+01 -7.311374674025688e-01 -6.838814738840261e-01
7.931039566988220e+01 -7.919002356470833e-01 -6.483526037922895e-01
7.940158849001550e+01 -8.493204165470035e-01 -6.106110146930419e-01
7.949278131014880e+01 -9.032064300587006e-01 -5.708792937998314e-01
7.958397413028210e+01 -9.533866231388379e-01 -5.293714468256163e-01
7.967516695041540e+01 -9.997083791123388e-01 -4.862906540817745e-01
7.976635977054870e+01 -1.042037056615000e+00 -4.418277726027928e-01
7.985755259068200e+01 -1.080254824599197e+00 -3.961605460434410e-01
7.994874541081531e+01 -1.114259455326533e+00 -3.494534618690234e-01
8.003993823094861e+01 -1.143963131047525e+00 -3.018581810813122e-01
8.013113105108191e+01 -1.169291312870138e+00 -2.535144584268916e-01
8.022232387121521e+01 -1.190181712723542e+00 -2.045514693798040e-01
8.031351669134851e+01 -1.206583401777593e+00 -1.550894626763124e-01
8.040470951148181e+01 -1.218456081491095e+00 -1.052416623160143e-01
8.049590233161511e+01 -1.225769536811350e+00 -5.511634936846729e-02
8.058709515174841e+01 -1.228503284996542e+00 -4.819060476725914e-03
8.067828797188172e+01 -1.226646428048884e+00 4.554515429537036e-02
8.076948079201502e+01 -1.220197711724691e+00 9.586946734168894e-02
8.086067361214832e+01 -1.209165789372215e+00 1.460430538031607e-01
8.095186643228162e+01 -1.193569684255560e+00 1.959489666533833e-01
8.104305925241492e+01 -1.173439439363907e+00 2.454621586988605e-01
8.113425207254822e+01 -1.148816938805504e+00 2.944477070883578e-01
8.122544489268152e+01 -1.119756879608899e+00 3.427593006143764e-01
8.131663771281482e+01 -1.086327867022574e+00 3.902380552163140e-01
8.140783053294813e+01 -1.048613600222915e+00 4.367117276470130e-01
8.149902335308143e+01 -1.006714108816273e+00 4.819944000150828e-01
8.159021617321473e+01 -9.607469938802324e-01 5.258867074763692e-01
8.168140899334803e+01 -9.108486208895005e-01 5.681766762631326e-01
8.177260181348133e+01 -8.571752062008341e-01 6.086412281263508e-01
8.186379463361463e+01 -7.999037344328060e-01 6.470483890060429e-01
8.195498745374793e+01 -7.392326417550105e-01 6.831602137096157e-01
8.204618027388123e+01 -6.753822005080103e-01 7.167364046775075e-01
8.213737309401454e+01 -6.085945443684592e-01 7.475385626128073e-01
8.222856591414784e+01 -5.391332809653789e-01 7.753349620116445e-01
8.231975873428114e+01 -4.672826507067400e-01 7.999056987341097e-01
8.241095155441444e+01 -3.933462065090139e-01 8.210480139322895e-01
8.250214437454774e+01 -3.176450086390112e-01 8.385815637148337e-01
8.259333719468104e+01 -2.405153510353369e-01 8.523533817061942e-01
8.268453001481434e+01 -1.623060589193628e-01 8.622422763040546e-01
8.277572283494764e+01 -8.337542055607783e-02 8.681624186980670e-01
8.286691565508094e+01 -4.087836844386980e-03 8.700659123183995e-01
8.295810847521425e+01 7.518971079464047e-02 8.679441876887501e-01
8.304930129534755e+01 1.540912625434616e-01 8.618281346431936e-01
8.314049411548085e+01 2.322554360669550e-01 8.517869605309912e-01
8.323168693561415e+01 3.093288224263139e-01 8.379258411607685e-01
8.332287975574745e+01 3.849691177588693e-01 8.203825033753910e-01
8.341407257588075e+01 4.588479019515573e-01 7.993229376524068e-01
8.350526539601405e+01 5.306529956860093e-01 7.749364810288960e-01
8.359645821614735e+01 6.000903502904791e-01 7.474305322548992e-01
8.368765103628066e+01 6.668854489172013e-01 7.170251621362659e-01
8.377884385641396e+01 7.307842208748373e-01 6.839478645279159e-01
8.387003667654726e+01 7.915534919509897e-01 6.484286610975740e-01
8.396122949668056e+01 8.489810111171155e-01 6.106957305370185e-01
8.405242231681386e+01 9.028751074259713e-01 5.709716853794529e-01
8.414361513694716e+01 9.530640399447822e-01 5.294705716564084e-01
8.423480795708046e+01 9.993951083612143e-01 4.863956221343530e-01
8.432600077721376e+01 1.041733592900891e+00 4.419377555555543e-01
8.441719359734707e+01 1.079961590049024e+00 3.962747837579627e-01
8.450838641748037e+01 1.113976806014314e+00 3.495712662897280e-01
8.459957923761367e+01 1.143691363656700e+00 3.019789378237857e-01
8.469077205774697e+01 1.169030671406607e+00 2.536376263531500e-01
8.478196487788027e+01 1.189932395109902e+00 2.046765784685691e-01
8.487315769801357e+01 1.206345566186858e+00 1.552161104874681e-01
8.496435051814687e+01 1.218229852304534e+00 1.053695093263994e-01
8.505554333828017e+01 1.225555010109035e+00 5.524511342614736e-02
8.514673615841347e+01 1.228300533510217e+00 4.948510587311736e-03
8.523792897854678e+01 1.226455505524698e+00 -4.541520467025800e-02
8.532912179868008e+01 1.220018656658349e+00 -9.573916732421740e-02
8.542031461881338e+01 1.208998628091519e+00 -1.459125223532026e-01
8.551150743894668e+01 1.193414433335734e+00 -1.958182999313584e-01
8.560270025907998e+01 1.173296107370105e+00 -2.453314374439298e-01
8.569389307921328e+01 1.148685527365168e+00 -2.943170039224122e-01
8.578508589934658e+01 1.119637383824946e+00 -3.426286871788924e-01
8.587627871947988e+01 1.086220275247216e+00 -3.901076090391869e-01
8.596747153961319e+01 1.048517893222018e+00 -4.365815386212296e-01
8.605866435974649e+01 1.006630258365721e+00 -4.818645763525098e-01
8.614985717987979e+01 9.606749608491431e-01 -5.257573809805384e-01
8.624105000001309e+01 9.107883528801843e-01 -5.680480067478205e-01
8.633224282014639e+01 8.571266348317385e-01 -6.085134067955739e-01
8.642343564027969e+01 7.998667723676722e-01 -6.469216406096044e-01
8.651462846041299e+01 7.392071795979834e-01 -6.830347973002605e-01
8.660582128054629e+01 6.753681036991451e-01 -7.166126128241180e-01
8.669701410067960e+01 6.085916502253561e-01 -7.474167189708020e-01
8.678820692081290e+01 5.391413960228522e-01 -7.752154172169705e-01
8.687939974094620e+01 4.673015485058835e-01 -7.997888246688113e-01
8.697059256107950e+01 3.933756259784570e-01 -8.209341965029927e-01
8.706178538121280e+01 3.176846531938038e-01 -8.384711943835412e-01
8.715297820134610e+01 2.405648884927236e-01 -8.522468481065888e-01
8.724417102147940e+01 1.623651222965465e-01 -8.621399523561104e-01
8.733536384161270e+01 8.344360977467194e-02 -8.680646546895409e-01
8.742655666174601e+01 4.164721322159478e-03 -8.699730254458492e-01
8.751774948187931e+01 -7.510458872876939e-02 -8.678564535383184e-01
8.760894230201261e+01 -1.539983835170160e-01 -8.617457800417606e-01
8.770013512214591e+01 -2.321552989556456e-01 -8.517101581151086e-01
8.779132794227921e+01 -3.092219392383467e-01 -8.378547059017079e-01
8.788252076241251e+01 -3.848560082963761e-01 -8.203170911743404e-01
8.797371358254581e+01 -4.587290884382729e-01 -7.992632459924607e-01
8.806490640267911e+01 -5.305289975435854e-01 -7.748824515518826e-01
8.815609922281241e+01 -5.999616792290682e-01 -7.473820550313539e-01
8.824729204294572e+01 -6.667526044812362e-01 -7.169820813230811e-01
8.833848486307902e+01 -7.306476865548276e-01 -6.839099850639063e-01
8.842967768321232e+01 -7.914137319393665e-01 -6.483957560723961e-01
8.852087050334562e+01 -8.488384677532637e-01 -6.106675488805141e-01
8.861206332347892e+01 -9.027301993447571e-01 -5.709479595513868e-01
8.870325614361222e+01 -9.529171609157988e-01 -5.294510250643684e-01
8.879444896374552e+01 -9.992466267836583e-01 -4.863799760637251e-01
8.888564178387882e+01 -1.041583851901946e+00 -4.419257354539690e-01
8.897683460401213e+01 -1.079810908121846e+00 -3.962661247724819e-01
8.906802742414543e+01 -1.113825478124745e+00 -3.495657180047005e-01
8.915922024427873e+01 -1.143539662745044e+00 -3.019762681884651e-01
8.925041306441203e+01 -1.168878850211327e+00 -2.536376248198158e-01
8.934160588454533e+01 -1.189780688243059e+00 -2.046790583839627e-01
8.943279870467863e+01 -1.206194192395678e+00 -1.552209107935383e-01
8.952399152481193e+01 -1.218079016858910e+00 -1.053764956318058e-01
8.961518434494523e+01 -1.225404907260371e+00 -5.525417850910668e-02
8.970637716507854e+01 -1.228151348972315e+00 -4.959574384700979e-03
8.979756998521184e+01 -1.226307418932010e+00 4.540219554161787e-02
8.988876280534514e+01 -1.219871843960622e+00 9.572424047906987e-02
8.997995562547844e+01 -1.208853263846509e+00 1.458956809586237e-01
9.007114844561174e+01 -1.193270692863352e+00 1.957995244241383e-01
9.016234126574504e+01 -1.173154168732006e+00 2.453106876410796e-01
9.025353408587834e+01 -1.148545573133877e+00 2.942942215276927e-01
9.034472690601164e+01 -1.119499602606119e+00 3.426037986909132e-01
9.043591972614495e+01 -1.086084862918256e+00 3.900805290646751e-01
9.052711254627825e+01 -1.048385053850154e+00 4.365521735898112e-01
9.061830536641155e+01 -1.006500204769594e+00 4.818328286163156e-01
9.070949818654485e+01 -9.605479147702578e-01 5.257231532630268e-01
9.080069100667815e+01 -9.106645447349120e-01 5.680112068817869e-01
9.089188382681145e+01 -8.570063030213253e-01 6.084739526613784e-01
9.098307664694475e+01 -7.997501621332487e-01 6.468794651529650e-01
9.107426946707805e+01 -7.390945414200406e-01 6.829898534770097e-01
9.116546228721135e+01 -6.752596912562165e-01 7.165648782903703e-01
9.125665510734466e+01 -6.084877179442795e-01 7.473662003147737e-01
9.134784792747796e+01 -5.390421962721870e-01 7.751621535171713e-01
9.143904074761126e+01 -4.672073285036865e-01 7.997328901661120e-01
9.153023356774456e+01 -3.932866245042289e-01 8.208757021938882e-01
9.162142638787786e+01 -3.176010972103938e-01 8.384102883799988e-01
9.171261920801116e+01 -2.404869897956707e-01 8.521837146634371e-01
9.180381202814446e+01 -1.622930743142662e-01 8.620748095369647e-01
9.189500484827776e+01 -8.337758464197167e-02 8.679977507215820e-01
9.198619766841107e+01 -4.104867341243042e-03 8.699046338954575e-01
9.207739048854437e+01 7.515814914123230e-02 8.677868675157313e-01
9.216858330867767e+01 1.540455553201603e-01 8.616753057058879e-01
9.225977612881097e+01 2.321960153622934e-01 8.516391077928634e-01
9.235096894894427e+01 3.092561619605088e-01 8.377833911554341e-01
9.244216176907757e+01 3.848837271687059e-01 8.202458161446223e-01
9.253335458921087e+01 4.587503204584399e-01 7.991923013132674e-01
9.262454740934417e+01 5.305437853934519e-01 7.748121090847570e-01
9.271574022947748e+01 5.999700893602105e-01 7.473125636012218e-01
9.280693304961078e+01 6.667547248617869e-01 7.169136635672532e-01
9.289812586974408e+01 7.306436241815282e-01 6.838428354349044e-01
9.298931868987738e+01 7.914036102194073e-01 6.483300399704222e-01
9.308051151001068e+01 8.488224238557166e-01 6.106034028372125e-01
9.317170433014398e+01 9.027083816122934e-01 5.708854923457324e-01
9.326289715027728e+01 9.528897264152010e-01 5.293903196249754e-01
9.335408997041058e+01 9.992137390596583e-01 4.863210919989633e-01
9.344528279054389e+01 1.041545678984332e+00 4.418687120502235e-01
9.353647561067719e+01 1.079767620821530e+00 3.962109843091920e-01
9.362766843081049e+01 1.113777248641332e+00 3.495124692496829e-01
9.371886125094379e+01 1.143486663596821e+00 3.019249099557661e-01
9.381005407107709e+01 1.168821253488762e+00 2.535881494925030e-01
9.390124689121039e+01 1.189718665178929e+00 2.046314553239074e-01
9.399243971134369e+01 1.206127913238634e+00 1.551751695778797e-01
9.408363253147699e+01 1.218008651032509e+00 1.053326090704369e-01
9.417482535161029e+01 1.225330623785937e+00 5.521214540864226e-02
9.426601817174360e+01 1.228073317131258e+00 4.919402031802021e-03
9.435721099187690e+01 1.226225809140910e+00 -4.544048920085907e-02
9.444840381201020e+01 1.219786828830340e+00 -9.576062498637464e-02
9.453959663214350e+01 1.208765019394446e+00 -1.459301118421574e-01
9.463078945227680e+01 1.193179399845509e+00 -1.958319420773016e-01
9.472198227241010e+01 1.173060014058706e+00 -2.453410166153501e-01
9.481317509254340e+01 1.148448751329615e+00 -2.943223702786139e-01
9.490436791267670e+01 1.119400317270290e+00 -3.426296598205027e-01
9.499556073281001e+01 1.085983328139417e+00 -3.901039801054332e-01
9.508675355294331e+01 1.048281495522434e+00 -4.365730783738677e-01
9.517794637307661e+01 1.006394861756108e+00 -4.818510392667741e-01
9.526913919320991e+01 9.604410398555668e-01 -5.257385128321264e-01
9.536033201334321e+01 9.105564053071118e-01 -5.680235526412339e-01
9.545152483347651e+01 8.568971814250255e-01 -6.084831200237645e-01
9.554271765360981e+01 7.996403556380980e-01 -6.468852921698934e-01
9.563391047374311e+01 7.389843617561467e-01 -6.829921858206205e-01
9.572510329387642e+01 6.751494636782355e-01 -7.165635745826154e-01
9.581629611400972e+01 6.083777798002714e-01 -7.473611376262917e-01
9.590748893414302e+01 5.389328950713846e-01 -7.751532328191174e-01
9.599868175427632e+01 4.670990194985193e-01 -7.997200414885247e-01
9.608987457440962e+01 3.931796678252823e-01 -8.208588892278866e-01
9.618106739454292e+01 3.174958546170256e-01 -8.383895122624414e-01
9.627226021467622e+01 2.403838211280089e-01 -8.521590167044162e-01
9.636345303480952e+01 1.621923337523682e-01 -8.620462726934308e-01
9.645464585494283e+01 8.327961689315279e-02 -8.679654996827978e-01
9.654583867507613e+01 4.010003885381769e-03 -8.698688337236145e-01
9.663703149520943e+01 -7.524959361733724e-02 -8.677477208714719e-01
9.672822431534273e+01 -1.541332861750222e-01 -8.616330487756778e-01
9.681941713547603e+01 -2.322797608285823e-01 -8.515940051147659e-01
9.691060995560933e+01 -3.093356754615306e-01 -8.377357296041492e-01
9.700180277574263e+01 -3.849587890594718e-01 -8.201958983798223e-01
9.709299559587593e+01 -4.588207391570512e-01 -7.991404390139712e-01
9.718418841600923e+01 -5.306093978978651e-01 -7.747586162863882e-01
9.727538123614254e+01 -6.000307611731751e-01 -7.472577504234904e-01
9.736657405627584e+01 -6.668103493710293e-01 -7.168578305747217e-01
9.745776687640914e+01 -7.306941215617311e-01 -6.837862688140708e-01
9.754895969654244e+01 -7.914489259364249e-01 -6.482730076438228e-01
9.764015251667574e+01 -8.488625268615770e-01 -6.105461515724887e-01
9.773134533680904e+01 -9.027432623221746e-01 -5.708282458607804e-01
9.782253815694234e+01 -9.529193945554166e-01 -5.293332776427473e-01
9.791373097707564e+01 -9.992382214697146e-01 -4.862644301691625e-01
9.800492379720895e+01 -1.041565017447357e+00 -4.418125826305296e-01
9.809611661734225e+01 -1.079781869986892e+00 -3.961555174850916e-01
9.818730943747555e+01 -1.113786474091980e+00 -3.494577749679482e-01
9.827850225760885e+01 -1.143490940102603e+00 -3.018710801501064e-01
9.836969507774215e+01 -1.168820663476271e+00 -2.535352605887721e-01
9.846088789787545e+01 -1.189713297438677e+00 -2.045795709243730e-01
9.855208071800875e+01 -1.206117861881822e+00 -1.551243432376171e-01
9.864327353814205e+01 -1.217994014702348e+00 -1.052828870923739e-01
9.873446635827536e+01 -1.225311505122340e+00 -5.516356959601303e-02
9.882565917840866e+01 -1.228049822482610e+00 -4.872012346963880e-03
9.891685199854196e+01 -1.226198048512379e+00 4.548665211459305e-02
9.900804481867526e+01 -1.219754916054433e+00 9.580551745821297e-02
9.909923763880856e+01 -1.208729072506200e+00 1.459736850385384e-01
9.919043045894186e+01 -1.193139541641409e+00 1.958741401136814e-01
9.928162327907516e+01 -1.173016372815108e+00 2.453817749527112e-01
9.937281609920846e+01 -1.148401461652891e+00 2.943616144453367e-01
9.946400891934177e+01 -1.119349521047023e+00 3.426673045036432e-01
9.955520173947507e+01 -1.085929175550852e+00 3.901399286582739e-01
9.964639455960837e+01 -1.048224146083029e+00 4.366072227877614e-01
9.973758737974167e+01 -1.006334485331710e+00 4.818832606536135e-01
9.982878019987497e+01 -9.603778176127282e-01 5.257686824580596e-01
9.991997302000827e+01 -9.104905305418132e-01 5.680515335414646e-01

